<<<<<<< HEAD
1.827689
1.889591
1.436570
2.139225
1.835536
1.859784
1.485984
2.023809
1.350833
1.321814
1.949542
1.599208
1.649908
1.739382
1.768346
1.626733
0.614404
1.754348
1.021740
1.381533
1.415274
2.021728
0.855059
1.393193
1.605553
1.629382
1.725875
1.048363
1.795387
1.455711
1.584084
1.940414
1.712560
1.696228
1.648554
1.724440
1.585046
1.310964
2.737894
1.602291
1.336098
1.280759
1.397015
1.113213
1.327178
1.414138
1.733472
2.054158
2.004863
1.941994
1.848353
1.417462
1.835266
1.977741
1.625300
1.291844
1.411858
1.474667
1.421872
1.194892
1.229018
1.913238
1.888208
1.545300
1.037613
1.601465
1.282791
1.381315
1.373216
1.736699
1.842597
1.351661
1.289613
1.381368
1.927116
0.853466
2.286854
1.916220
1.221748
1.204394
0.953549
1.471311
1.592219
2.107401
1.537346
1.802082
1.579231
1.635375
1.287333
1.365544
1.816554
1.157172
1.097358
1.251803
0.856721
1.916823
1.476151
1.304172
1.996476
0.979116
=======
1.827689
1.889591
1.436570
2.139225
1.835536
1.859784
1.485984
2.023809
1.350833
1.321814
1.949542
1.599208
1.649908
1.739382
1.768346
1.626733
0.614404
1.754348
1.021740
1.381533
1.415274
2.021728
0.855059
1.393193
1.605553
1.629382
1.725875
1.048363
1.795387
1.455711
1.584084
1.940414
1.712560
1.696228
1.648554
1.724440
1.585046
1.310964
2.737894
1.602291
1.336098
1.280759
1.397015
1.113213
1.327178
1.414138
1.733472
2.054158
2.004863
1.941994
1.848353
1.417462
1.835266
1.977741
1.625300
1.291844
1.411858
1.474667
1.421872
1.194892
1.229018
1.913238
1.888208
1.545300
1.037613
1.601465
1.282791
1.381315
1.373216
1.736699
1.842597
1.351661
1.289613
1.381368
1.927116
0.853466
2.286854
1.916220
1.221748
1.204394
0.953549
1.471311
1.592219
2.107401
1.537346
1.802082
1.579231
1.635375
1.287333
1.365544
1.816554
1.157172
1.097358
1.251803
0.856721
1.916823
1.476151
1.304172
1.996476
0.979116
>>>>>>> origin/master
