10.170884
9.851460
9.757284
10.000212
9.603556
10.179780
9.438769
9.418843
9.291485
9.345568
9.620360
9.433718
9.628588
9.312739
9.480477
9.642168
9.736575
9.528840
9.181204
9.305905
9.040442
9.524105
9.823729
9.416276
9.931245
9.772309
9.618030
9.469691
9.163568
8.847102
9.156225
8.990110
8.734794
8.840504
8.351745
8.341102
8.515413
8.188261
8.298581
8.452028
8.774777
9.154080
8.723109
8.241327
8.635929
8.561754
8.500375
8.464854
8.529951
8.672633
8.779356
8.381573
8.506255
8.915034
8.449739
8.547702
8.613526
8.586454
8.736203
8.493937
8.382599
8.585512
8.579115
8.659996
8.644418
8.654316
8.563957
8.620450
8.398456
8.482270
8.614521
8.644835
8.536825
8.487384
8.807216
8.597179
8.519032
8.333621
8.411912
8.491575
8.920915
8.880391
8.853710
8.713350
9.206211
8.528864
8.455029
8.459226
8.380195
8.453078
8.689152
8.793136
8.978259
8.828730
8.664613
8.744307
8.522791
8.304448
8.318524
8.664136
