2.246855
2.087897
1.785286
2.422093
1.835536
2.352162
1.995825
2.023809
1.350833
1.455643
2.152889
1.890861
1.924033
1.892728
2.144243
1.993805
0.723252
1.795802
1.322529
1.605657
1.739248
2.214788
0.855059
1.818498
1.848118
1.976182
2.046288
1.169931
2.129236
1.455711
1.584084
2.499050
2.011006
1.914474
1.810117
1.837501
1.887607
1.524496
2.737894
1.602291
1.566693
1.564986
1.397015
1.113213
1.919008
1.966889
1.898605
2.109180
2.070309
1.941994
2.032054
1.698172
2.154866
2.271305
1.731166
1.697472
2.022473
1.771282
1.571673
1.194892
1.559726
2.071087
1.888208
2.041780
1.055882
1.628055
1.407508
1.556585
1.487545
1.736699
1.842597
1.514947
1.702664
1.448272
2.116727
1.246451
2.542968
2.079115
1.636590
1.514098
1.168745
1.742431
1.795709
2.126351
1.761666
1.998610
1.684988
1.812251
1.593416
1.549165
1.894119
1.260585
1.264869
1.407278
1.387960
2.030648
1.476151
1.739552
2.285931
1.697530
