19.551789
18.898571
18.721657
18.573009
17.890883
18.717363
17.906896
17.889789
18.731628
18.308196
17.399281
18.768311
18.274191
18.619594
18.162869
17.121103
17.209360
17.120311
17.138789
15.928061
16.445366
17.276638
16.181697
16.515545
16.219899
16.888116
16.261537
16.828914
16.446674
16.560926
16.651856
16.380510
16.347278
16.846790
16.425938
16.230943
16.558011
16.663952
16.759889
16.480212
16.084524
16.871288
17.003419
17.260968
16.431966
16.521919
16.269715
17.286177
16.932543
16.918335
15.949296
16.323609
15.898837
15.693203
15.595903
15.602753
15.587029
15.725576
15.523001
15.694897
15.631928
15.738548
16.099397
16.412772
15.964059
16.183491
16.255489
16.108133
16.547491
17.501549
16.151532
16.242958
16.404843
17.262979
16.862394
16.433196
16.434064
16.312776
15.992187
15.973978
15.864423
16.029657
15.842920
16.005810
15.856927
16.276264
16.825420
17.003617
16.155239
16.992472
16.645677
16.672289
16.099379
15.885189
16.105466
16.747365
16.391779
16.300493
16.168958
16.245957
