0.001614
0.002189
0.001716
0.001582
0.001315
0.001289
0.001618
0.002617
0.002642
0.002634
0.001715
0.001437
0.001283
0.001502
0.000685
0.001278
0.000650
0.001346
0.001281
0.001280
0.001291
0.002571
0.002709
0.002643
0.002016
0.001501
0.001286
0.001667
0.001341
0.002598
0.002610
0.001289
0.001357
0.000658
0.001436
0.001466
0.003632
0.002646
0.002644
0.002594
0.002526
0.001274
0.002462
0.002421
0.002458
0.001567
0.001466
0.001459
0.001468
0.001404
0.001363
0.002500
0.002646
0.001999
0.001260
0.001499
0.000641
0.001256
0.001904
0.001315
0.001437
0.001299
0.001419
0.001308
0.001297
0.001265
0.001281
0.000635
0.001409
0.002740
0.002593
0.001280
0.001655
0.001879
0.001647
0.002534
0.002245
0.001740
0.002729
0.002129
0.002738
0.002623
0.002378
0.002169
0.002348
0.001333
0.001844
0.001946
0.002362
0.002260
0.002781
0.002450
0.001561
0.001290
0.001283
0.000766
0.001322
0.002040
0.002380
0.002333
