3.405628
4.304201
4.843052
3.764249
5.669231
3.809037
2.675239
3.298113
5.025045
2.643919
2.584445
5.192082
2.113767
4.996703
3.447818
3.451083
3.782248
3.917708
5.297699
3.474282
4.221320
5.277293
4.174352
5.331898
2.303229
5.104086
3.277734
1.725642
1.852246
3.178360
6.281874
3.767057
3.578049
2.813655
1.085176
3.894282
3.356116
4.851498
4.689305
1.263708
3.542979
2.368687
5.193295
5.467518
3.535382
2.966565
3.585128
2.574423
5.950943
4.398691
5.435389
3.613492
4.741662
3.754386
4.941906
2.313076
4.273135
2.253837
2.271512
4.985045
2.873422
2.728484
3.479831
2.812922
3.475831
2.802967
3.977635
2.587954
2.896924
2.111325
5.464360
6.099992
4.548834
1.200116
6.898430
1.625404
3.051027
1.990151
5.764884
4.459629
3.419112
4.333523
4.975552
5.298430
2.527289
3.307486
2.234889
2.902421
2.451931
2.595074
2.414612
1.600332
2.037410
3.057329
3.569945
4.681238
5.491771
4.667766
1.941827
3.237407
