9.217408
7.212900
4.668448
8.246338
9.202194
9.635211
5.501643
6.760806
7.749888
4.983266
7.669066
6.081167
2.861194
9.773445
6.835440
11.451570
7.888124
6.490371
5.914556
7.326003
5.457979
7.085181
7.723024
7.795153
5.528766
8.943567
5.707736
4.439065
3.529162
3.845199
8.821215
5.552125
6.291212
7.721262
2.050077
6.414182
4.753553
8.057338
8.150072
2.665399
6.017675
4.529835
7.116313
5.727458
8.851077
5.600006
8.137735
5.346595
6.879470
9.246304
6.803404
5.576747
6.414596
4.639283
4.976405
5.817208
5.920308
8.714643
9.862864
7.156497
4.525796
7.131549
7.117581
9.024958
4.485102
3.523079
5.167184
7.849170
3.778685
3.112007
8.587091
8.672557
6.286867
4.464766
7.698527
7.291682
7.290466
2.898626
6.674314
7.518774
4.449769
6.613751
7.760245
6.515797
5.521637
7.986295
3.494072
9.142429
3.943455
5.550257
6.814164
3.397984
3.917026
5.642681
5.672642
5.438754
8.218676
5.196773
3.806837
5.408369
