0.000139
0.000057
0.000048
0.000063
0.000058
0.000068
0.000049
0.000062
0.000054
0.000054
0.000056
0.000046
0.000046
0.000062
0.000052
0.000065
0.000061
0.000067
0.000046
0.000049
0.000061
0.000049
0.000059
0.000083
0.000080
0.000060
0.000069
0.000057
0.000056
0.000058
0.000066
0.000052
0.000047
0.000062
0.000053
0.000047
0.000048
0.000059
0.000052
0.000054
0.000054
0.000049
0.000058
0.000056
0.000051
0.000077
0.000068
0.000051
0.000050
0.000083
0.000050
0.000045
0.000049
0.000065
0.000057
0.000052
0.000048
0.000051
0.000060
0.000057
0.000047
0.000053
0.000056
0.000050
0.000055
0.000045
0.000070
0.000061
0.000056
0.000063
0.000059
0.000090
0.000066
0.000053
0.000065
0.000062
0.000089
0.000049
0.000055
0.000074
0.000066
0.000063
0.000052
0.000049
0.000049
0.000049
0.000048
0.000060
0.000057
0.000059
0.000076
0.000071
0.000083
0.000062
0.000055
0.000062
0.000091
0.000051
0.000047
0.000050
