1.827689
2.087897
1.645111
2.139225
2.217665
1.859784
1.485984
2.023809
1.410941
1.321814
1.949542
1.890861
1.665459
1.739382
1.826961
1.626733
0.614404
1.754348
1.132184
1.381533
1.415274
2.035314
0.855059
1.393193
1.737023
1.774811
1.835896
1.199472
2.117170
1.455711
1.751582
2.029382
1.794630
1.843878
1.967358
1.837501
1.585046
1.310964
2.890722
1.668238
1.486988
1.507614
1.565508
1.113213
1.327178
1.864670
1.898605
2.109180
2.046417
1.941994
1.848353
1.523188
1.835266
2.197168
1.625300
1.291844
1.411858
1.474667
1.710868
1.380808
1.520542
1.913238
2.093000
1.545300
1.037613
1.601465
1.282791
1.381315
1.373216
1.825161
1.842597
1.351661
1.289613
1.381368
2.011443
0.853466
2.286854
1.916220
1.221748
1.204394
0.955739
1.471311
1.592219
2.107401
1.537346
1.936557
1.611903
1.812251
1.287333
1.513097
1.816554
1.157172
1.097358
1.251803
0.856721
1.932222
1.476151
1.304172
1.996476
1.084146
