4.096263
3.660595
3.732234
3.529643
3.584555
3.491440
3.557706
3.536041
3.649044
3.477717
3.731291
3.701248
3.407831
3.531415
3.550812
3.562891
3.437479
3.416153
3.493222
3.438410
3.495468
3.514860
3.303252
3.186175
3.455131
3.316851
3.388067
3.550019
3.377444
3.496675
3.632281
3.463013
3.239791
3.657258
3.471028
3.300918
3.349429
3.429727
3.329551
3.390129
3.443617
3.392202
3.524219
3.659827
3.396523
3.505307
3.664908
3.439771
3.457514
3.427462
3.455198
3.160472
3.408379
3.345282
3.332525
3.369264
3.329382
3.263923
3.269762
3.693071
3.378039
3.379039
3.789120
3.403189
3.430714
3.416138
3.421378
3.583241
3.535085
3.597968
3.334721
3.523178
3.691901
3.568492
3.402823
3.569823
3.490222
3.659001
3.154424
3.148779
3.244846
3.121577
3.160110
3.193761
3.368722
3.422517
3.113058
3.185316
3.163654
3.192855
3.140181
3.124512
3.136997
3.191433
3.328255
3.624042
3.089531
3.228018
3.251315
3.088839
